RCZDT AVB-lite pilot diagnostic
Run: cpu2_rczdt_avb_lite_pilot_20260625

Raw summary:
problem,method,n,hv_final_mean,hv_final_std,hv_final_se,igd_final_mean,igd_final_std,igd_final_se,cvr_final_mean,cvr_final_std,cvr_final_se,n_pareto_solutions_mean,n_pareto_solutions_std,n_pareto_solutions_se,total_time_sec_mean,total_time_sec_std,total_time_sec_se
RCZDT-Curve2D,GPR-KG-AVB,3,1.0706647458904084,0.1516633237008104,0.0875628607648562,0.1968752889075219,0.0895897197806399,0.0517246488319756,0.2222222222222222,0.3849001794597505,0.2222222222222222,2.0,1.0,0.5773502691896258,246.477205991745,18.807350716270538,10.858428998782497
RCZDT-Curve2D,GPR-KG-AVB-lite,3,1.1972578348027183,0.0582148237433958,0.0336103441590762,0.1288865997888529,0.0261591733203158,0.0151030057582624,0.0,0.0,0.0,1.3333333333333333,0.5773502691896257,0.3333333333333333,220.75887926419577,14.972237480933323,8.64422533998786
RCZDT-Curve2D,GPR-KG-VEPM,3,0.926407573738483,0.3033370021653998,0.1751316998553677,0.2766413734554098,0.2052297581200765,0.1184894560963479,0.1666666666666666,0.2886751345948129,0.1666666666666666,1.3333333333333333,0.5773502691896257,0.3333333333333333,255.01439197858176,21.67039472427959,12.511408227508268
RCZDT-Curve2D,GPR-KG-oracleV,3,1.0464461966278449,0.0936372541282763,0.0540614938771377,0.2299576686535061,0.0287257222699123,0.0165848034852003,0.0,0.0,0.0,1.6666666666666667,0.5773502691896257,0.3333333333333333,291.9569709300995,15.779522849907195,9.110311765077771
RCZDT-Curve2D,GPR-KG-pooled-pre,3,1.1695413902970275,0.0301119059550921,0.0173851170089851,0.1682290731779977,0.0521760529348867,0.030123858207209,0.0,0.0,0.0,1.6666666666666667,1.1547005383792517,0.6666666666666667,248.25977325439453,26.968834134105013,15.570463647055895
RCZDT-MisalignedV,GPR-KG-AVB,3,0.9109353773578138,0.5603143442728228,0.3234976374967229,0.4883557611580446,0.2231804026793341,0.1288532655647626,0.4722222222222221,0.4110735718596873,0.2373334373699314,2.6666666666666665,1.5275252316519463,0.8819171036881969,323.1623694896698,26.555381322924923,15.331756555223864
RCZDT-MisalignedV,GPR-KG-AVB-lite,3,0.9953956629695004,0.3130027899927213,0.1807122450594016,0.4552712603345887,0.1221392185534246,0.0705171107104302,0.75,0.25,0.1443375672974064,2.6666666666666665,1.1547005383792517,0.6666666666666666,291.4628882408142,21.364314763992656,12.334692880043058
RCZDT-MisalignedV,GPR-KG-VEPM,3,1.1062205641848182,0.5758036375073884,0.3324403851152564,0.3095895417971275,0.1191626109565742,0.0687985655131168,0.3833333333333333,0.3752776749732567,0.2166666666666666,3.6666666666666665,1.5275252316519463,0.8819171036881969,279.9098340670268,40.32680161427772,23.28268976755988
RCZDT-MisalignedV,GPR-KG-oracleV,3,1.0820671880999644,0.1168269062179937,0.0674500457535498,0.3725561966685562,0.1316583391232294,0.0760129775338555,0.5333333333333333,0.0577350269189625,0.0333333333333333,3.0,1.7320508075688772,1.0,389.004887898763,24.71907164604453,14.271562668961456
RCZDT-MisalignedV,GPR-KG-pooled-pre,3,1.2181796686623372,0.1736983289069349,0.100284776952207,0.2511198365332965,0.0400178606538471,0.0231043226208915,0.5555555555555555,0.0962250448649376,0.0555555555555555,3.0,1.0,0.5773502691896258,318.9464976787567,38.39825647787029,22.169243713910703
RCZDT-StepV,GPR-KG-AVB,3,0.67266468,0.3841881538906331,0.2218111340682224,0.5651994936016088,0.1780899398322831,0.1028202747021329,0.5,0.5,0.2886751345948129,1.3333333333333333,0.5773502691896257,0.3333333333333333,326.85941155751544,27.71415208043852,16.000773164003405
RCZDT-StepV,GPR-KG-AVB-lite,3,0.7273154399999999,0.1768468176893032,0.1021025577982478,0.4556141662076471,0.1011989951857941,0.0584272671122379,0.3333333333333333,0.5773502691896258,0.3333333333333333,1.6666666666666667,0.5773502691896257,0.3333333333333333,302.0237952868144,31.424815650476827,18.143125775037163
RCZDT-StepV,GPR-KG-VEPM,3,0.4029018266666666,0.1881513853521885,0.108629252981487,0.6259581599555322,0.2741313328732347,0.1582697988276729,0.2777777777777777,0.2545875386086578,0.1469861839480328,2.0,1.0,0.5773502691896258,267.07031925519306,27.852447551150757,16.080618091246823
RCZDT-StepV,GPR-KG-oracleV,3,0.8449732533333333,0.0683043811984483,0.0394355528717549,0.3638935018213958,0.0997536529429122,0.0575927983792388,0.2777777777777777,0.2545875386086578,0.1469861839480328,3.6666666666666665,0.5773502691896258,0.3333333333333333,338.4961887200673,6.607690404484463,3.814951833750812
RCZDT-StepV,GPR-KG-pooled-pre,3,0.7542801866666666,0.4236878501172473,0.2446162943175666,0.4547278131095931,0.1720726926275243,0.0993462154086849,0.5277777777777778,0.240562612162344,0.1388888888888889,3.333333333333333,0.5773502691896258,0.3333333333333333,305.97399973869324,17.601836797536883,10.16242521328978


Feasible-only summary:
problem,method,hv_feas_mean,hv_feas_std,igd_feas_mean,igd_feas_std,n_feasible_nd_mean,n_reported_nd_mean,raw_hv_mean,raw_igd_mean,cvr_mean
RCZDT-Curve2D,GPR-KG-AVB,1.0532518956432344,0.1340247008601847,0.1971538046926262,0.0893787882970317,1.3333333333333333,2.0,1.0706647458904086,0.1968752889075219,0.2222222222222222
RCZDT-Curve2D,GPR-KG-AVB-lite,1.1972578348027187,0.0582148237433959,0.1288865997888529,0.0261591733203158,1.3333333333333333,1.3333333333333333,1.1972578348027187,0.1288865997888528,0.0
RCZDT-Curve2D,GPR-KG-VEPM,0.91508343428175,0.3222512770962141,0.2766413734554098,0.2052297581200765,1.0,1.3333333333333333,0.926407573738483,0.2766413734554098,0.1666666666666666
RCZDT-Curve2D,GPR-KG-oracleV,1.0464461966278449,0.0936372541282763,0.2299576686535061,0.0287257222699123,1.6666666666666667,1.6666666666666667,1.0464461966278449,0.2299576686535061,0.0
RCZDT-Curve2D,GPR-KG-pooled-pre,1.1695413902970275,0.0301119059550921,0.1682290731779977,0.0521760529348867,1.6666666666666667,1.6666666666666667,1.1695413902970275,0.1682290731779977,0.0
RCZDT-MisalignedV,GPR-KG-AVB,0.5349683994716173,0.2023841808353104,0.7644123908170154,0.3930058260059413,1.0,2.6666666666666665,0.910935377357814,0.4883557611580445,0.4722222222222221
RCZDT-MisalignedV,GPR-KG-AVB-lite,0.21300284,0.2723203334095696,inf,,0.6666666666666666,2.6666666666666665,0.9953956629695004,0.4552712603345887,0.75
RCZDT-MisalignedV,GPR-KG-VEPM,0.7896753050244936,0.3761788225567301,0.3334530957858543,0.0982868080928461,2.0,3.6666666666666665,1.106220564184818,0.3095895417971275,0.3833333333333333
RCZDT-MisalignedV,GPR-KG-oracleV,0.8162661082248707,0.288387112347757,0.3988195727146433,0.1205616048944074,1.3333333333333333,3.0,1.0820671880999644,0.3725561966685562,0.5333333333333333
RCZDT-MisalignedV,GPR-KG-pooled-pre,1.0786543973872669,0.0552810792211584,0.2582641282765194,0.0351461131884092,1.3333333333333333,3.0,1.2181796686623372,0.2511198365332965,0.5555555555555555
RCZDT-StepV,GPR-KG-AVB,0.2599832133333333,0.2363081499681645,inf,,0.6666666666666666,1.3333333333333333,0.67266468,0.5651994936016088,0.5
RCZDT-StepV,GPR-KG-AVB-lite,0.46697448,0.4389308645125918,inf,,1.0,1.6666666666666667,0.7273154399999999,0.4556141662076472,0.3333333333333333
RCZDT-StepV,GPR-KG-VEPM,0.3304859866666667,0.2987657801115954,0.6416840840642579,0.3011914962453594,1.3333333333333333,2.0,0.4029018266666666,0.6259581599555322,0.2777777777777777
RCZDT-StepV,GPR-KG-oracleV,0.7191915733333333,0.120770665340887,0.3638935018213958,0.0997536529429122,2.6666666666666665,3.6666666666666665,0.8449732533333333,0.3638935018213958,0.2777777777777777
RCZDT-StepV,GPR-KG-pooled-pre,0.6591917733333333,0.3319445510100079,0.4547278131095931,0.1720726926275243,1.6666666666666667,3.333333333333333,0.7542801866666666,0.4547278131095931,0.5277777777777778
