Pre-samples identical: True

  i |  sigma2_bb | sigma2_agg |       diff |      mu3 |    acq_bb |   acq_agg
--------------------------------------------------------------------------------
  0 |   0.000001 |   0.000002 |  +0.000001 | -0.1919 |  +0.1904 |  +0.1899
  1 |   0.000001 |   0.000000 |  -0.000000 | +0.0712 |  -0.0727 |  -0.0723
  2 |   0.000001 |   0.000001 |  -0.000000 | +0.0954 |  -0.0968 |  -0.0966
  3 |   0.000002 |   0.000001 |  -0.000001 | -0.1426 |  +0.1404 |  +0.1409
  4 |   0.000001 |   0.000001 |  +0.000000 | -0.0097 |  +0.0082 |  +0.0082
  5 |   0.000001 |   0.000000 |  -0.000000 | +0.1760 |  -0.1774 |  -0.1771
  6 |   0.000001 |   0.000001 |  +0.000000 | -0.2031 |  +0.2017 |  +0.2016
  7 |   0.000001 |   0.000002 |  +0.000001 | -0.1871 |  +0.1856 |  +0.1851
  8 |   0.000001 |   0.000001 |  +0.000000 | -0.2139 |  +0.2124 |  +0.2124
  9 |   0.000001 |   0.000000 |  -0.000000 | +0.0304 |  -0.0319 |  -0.0314
 10 |   0.000001 |   0.000000 |  -0.000000 | -0.0133 |  +0.0118 |  +0.0121
 11 |   0.000001 |   0.000001 |  -0.000000 | +0.0719 |  -0.0734 |  -0.0734
 12 |   0.000001 |   0.000001 |  +0.000000 | -0.0388 |  +0.0373 |  +0.0371
 13 |   0.000001 |   0.000000 |  -0.000000 | +0.1693 |  -0.1708 |  -0.1704
 14 |   0.000001 |   0.000001 |  +0.000000 | +0.1854 |  -0.1869 |  -0.1872
 15 |   0.000001 |   0.000001 |  +0.000000 | +0.0200 |  -0.0215 |  -0.0215
 16 |   0.000000 |   0.000000 |  +0.000000 | -0.2363 |  +0.2352 |  +0.2352
 17 |   0.000001 |   0.000000 |  -0.000000 | +0.0398 |  -0.0413 |  -0.0409
 18 |   0.000001 |   0.000001 |  +0.000000 | +0.1216 |  -0.1231 |  -0.1231
 19 |   0.000001 |   0.000000 |  -0.000000 | +0.0845 |  -0.0860 |  -0.0855
 20 |   0.000001 |   0.000001 |  -0.000000 | +0.0217 |  -0.0231 |  -0.0231
 21 |   0.000000 |   0.000000 |  +0.000000 | -0.0113 |  +0.0103 |  +0.0102
 22 |   0.000001 |   0.000001 |  -0.000000 | +0.0895 |  -0.0910 |  -0.0910
 23 |   0.000001 |   0.000001 |  +0.000000 | +0.0515 |  -0.0530 |  -0.0530
 24 |   0.000001 |   0.000001 |  +0.000000 | +0.1132 |  -0.1146 |  -0.1149
 25 |   0.000001 |   0.000001 |  +0.000000 | -0.0501 |  +0.0486 |  +0.0486
 26 |   0.000001 |   0.000001 |  +0.000000 | -0.0133 |  +0.0118 |  +0.0117
 27 |   0.000000 |   0.000001 |  +0.000001 | -0.1366 |  +0.1359 |  +0.1350
 28 |   0.000001 |   0.000001 |  +0.000000 | +0.0713 |  -0.0728 |  -0.0728
 29 |   0.000001 |   0.000001 |  +0.000000 | +0.0835 |  -0.0850 |  -0.0852
 30 |   0.000001 |   0.000000 |  -0.000000 | -0.1534 |  +0.1519 |  +0.1523
 31 |   0.000001 |   0.000000 |  -0.000000 | -0.1351 |  +0.1336 |  +0.1340
 32 |   0.000000 |   0.000000 |  +0.000000 | +0.0692 |  -0.0703 |  -0.0704
 33 |   0.000001 |   0.000002 |  +0.000001 | -0.0844 |  +0.0829 |  +0.0824
 34 |   0.000001 |   0.000000 |  -0.000001 | -0.1098 |  +0.1080 |  +0.1087
 35 |   0.000000 |   0.000000 |  +0.000000 | -0.2068 |  +0.2059 |  +0.2056
 36 |   0.000001 |   0.000000 |  -0.000000 | -0.0351 |  +0.0337 |  +0.0342
 37 |   0.000001 |   0.000000 |  -0.000000 | +0.0732 |  -0.0747 |  -0.0742
 38 |   0.000001 |   0.000001 |  +0.000000 | +0.1307 |  -0.1321 |  -0.1324
 39 |   0.000001 |   0.000001 |  -0.000000 | +0.0492 |  -0.0506 |  -0.0506
 40 |   0.000001 |   0.000000 |  -0.000000 | -0.3504 |  +0.3489 |  +0.3493
 41 |   0.000001 |   0.000001 |  +0.000000 | -0.0049 |  +0.0034 |  +0.0034
 42 |   0.000001 |   0.000001 |  -0.000000 | +0.0337 |  -0.0351 |  -0.0351
 43 |   0.000001 |   0.000001 |  +0.000000 | -0.1130 |  +0.1115 |  +0.1113
 44 |   0.000001 |   0.000000 |  -0.000000 | -0.2491 |  +0.2476 |  +0.2480
 45 |   0.000001 |   0.000001 |  -0.000000 | +0.0330 |  -0.0344 |  -0.0344
 46 |   0.000001 |   0.000001 |  -0.000000 | +0.0897 |  -0.0912 |  -0.0909
 47 |   0.000000 |   0.000000 |  +0.000000 | -0.3397 |  +0.3386 |  +0.3386
 48 |   0.000001 |   0.000002 |  +0.000001 | +0.0556 |  -0.0568 |  -0.0576
 49 |   0.000001 |   0.000001 |  +0.000000 | -0.1271 |  +0.1257 |  +0.1257

=== Summary ===
sigma2 binary_bin: min=0.000000  max=0.000002
sigma2 aggregate:  min=0.000000  max=0.000002
sigma2 identical across schemes: 6/50 candidates
argmax(acq_bb)  = candidate index 40
argmax(acq_agg) = candidate index 40
-> argmax IDENTICAL despite sigma^2 differing -> same x sampled, same trajectory, same HV
top-5 candidates (by feasibility-acq) binary_bin: [40, 47, 44, 16, 8]
top-5 candidates (by feasibility-acq) aggregate:  [40, 47, 44, 16, 8]
